v3.0 hex words plain
0aa00000 04000000 00000000 00000000 00000000 00000000 00000000 00000000
0aa00000 00000000 00000000 00000000 00000000 00000000 00000000 00000000
0aa00000 00000000 00000000 00000000 00000000 00000000 00000000 00000000
0aa00000 00000000 00000000 00000000 00000000 00000000 00000000 00000000
0aa00000 00000000 00000000 00000000 00000000 00000000 00000000 00000000
0aa00000 00000000 00000000 00000000 00000000 00000000 00000000 00000000
0aa00000 00000000 00000000 00000000 00000000 00000000 00000000 00000000
0aa00000 00000000 00000000 00000000 00000000 00000000 00000000 00000000
0aa00000 04000000 00000000 00000000 00000000 00000000 00000000 00000000
0aa00000 00000000 00000000 00000000 00000000 00000000 00000000 00000000
0aa00000 00000000 00000000 00000000 00000000 00000000 00000000 00000000
0aa00000 00000000 00000000 00000000 00000000 00000000 00000000 00000000
0aa00000 00000000 00000000 00000000 00000000 00000000 00000000 00000000
0aa00000 00000000 00000000 00000000 00000000 00000000 00000000 00000000
0aa00000 00000000 00000000 00000000 00000000 00000000 00000000 00000000
0aa00000 00000000 00000000 00000000 00000000 00000000 00000000 00000000
0aa00000 02a00100 04000000 00000000 00000000 00000000 00000000 00000000
0aa00000 02a00200 04000000 00000000 00000000 00000000 00000000 00000000
0aa00000 00000000 00000000 00000000 00000000 00000000 00000000 00000000
0aa00000 00000000 00000000 00000000 00000000 00000000 00000000 00000000
0aa00000 00000000 00000000 00000000 00000000 00000000 00000000 00000000
0aa00000 00000000 00000000 00000000 00000000 00000000 00000000 00000000
0aa00000 00000000 00000000 00000000 00000000 00000000 00000000 00000000
0aa00000 00000000 00000000 00000000 00000000 00000000 00000000 00000000
0aa00000 00000000 00000000 00000000 00000000 00000000 00000000 00000000
0aa00000 00000000 00000000 00000000 00000000 00000000 00000000 00000000
0aa00000 00000000 00000000 00000000 00000000 00000000 00000000 00000000
0aa00000 00000000 00000000 00000000 00000000 00000000 00000000 00000000
0aa00000 00000000 00000000 00000000 00000000 00000000 00000000 00000000
0aa00000 00000000 00000000 00000000 00000000 00000000 00000000 00000000
0aa00000 00000000 00000000 00000000 00000000 00000000 00000000 00000000
0aa00000 00000000 00000000 00000000 00000000 00000000 00000000 00000000
0aa00000 00000000 00000000 00000000 00000000 00000000 00000000 00000000
0aa00000 00000000 00000000 00000000 00000000 00000000 00000000 00000000
0aa00000 00000000 00000000 00000000 00000000 00000000 00000000 00000000
0aa00000 00000000 00000000 00000000 00000000 00000000 00000000 00000000
0aa00000 00000000 00000000 00000000 00000000 00000000 00000000 00000000
0aa00000 00000000 00000000 00000000 00000000 00000000 00000000 00000000
0aa00000 00000000 00000000 00000000 00000000 00000000 00000000 00000000
0aa00000 00000000 00000000 00000000 00000000 00000000 00000000 00000000
0aa00000 00000000 00000000 00000000 00000000 00000000 00000000 00000000
0aa00000 00000000 00000000 00000000 00000000 00000000 00000000 00000000
0aa00000 00000000 00000000 00000000 00000000 00000000 00000000 00000000
0aa00000 00000000 00000000 00000000 00000000 00000000 00000000 00000000
0aa00000 00000000 00000000 00000000 00000000 00000000 00000000 00000000
0aa00000 00000000 00000000 00000000 00000000 00000000 00000000 00000000
0aa00000 00000000 00000000 00000000 00000000 00000000 00000000 00000000
0aa00000 00000000 00000000 00000000 00000000 00000000 00000000 00000000
0aa00000 00000000 00000000 00000000 00000000 00000000 00000000 00000000
0aa00000 00000000 00000000 00000000 00000000 00000000 00000000 00000000
0aa00000 00000000 00000000 00000000 00000000 00000000 00000000 00000000
0aa00000 00000000 00000000 00000000 00000000 00000000 00000000 00000000
0aa00000 00000000 00000000 00000000 00000000 00000000 00000000 00000000
0aa00000 00000000 00000000 00000000 00000000 00000000 00000000 00000000
0aa00000 00000000 00000000 00000000 00000000 00000000 00000000 00000000
0aa00000 00000000 00000000 00000000 00000000 00000000 00000000 00000000
0aa00000 00000000 00000000 00000000 00000000 00000000 00000000 00000000
0aa00000 00000000 00000000 00000000 00000000 00000000 00000000 00000000
0aa00000 00000000 00000000 00000000 00000000 00000000 00000000 00000000
0aa00000 00000000 00000000 00000000 00000000 00000000 00000000 00000000
0aa00000 00000000 00000000 00000000 00000000 00000000 00000000 00000000
0aa00000 00000000 00000000 00000000 00000000 00000000 00000000 00000000
0aa00000 00000000 00000000 00000000 00000000 00000000 00000000 00000000
0aa00000 00000000 00000000 00000000 00000000 00000000 00000000 00000000
0aa00000 00000000 00000000 00000000 00000000 00000000 00000000 00000000
0aa00000 00000000 00000000 00000000 00000000 00000000 00000000 00000000
0aa00000 00000000 00000000 00000000 00000000 00000000 00000000 00000000
0aa00000 00000000 00000000 00000000 00000000 00000000 00000000 00000000
0aa00000 00000000 00000000 00000000 00000000 00000000 00000000 00000000
0aa00000 00000000 00000000 00000000 00000000 00000000 00000000 00000000
0aa00000 00000000 00000000 00000000 00000000 00000000 00000000 00000000
0aa00000 00000000 00000000 00000000 00000000 00000000 00000000 00000000
0aa00000 00000000 00000000 00000000 00000000 00000000 00000000 00000000
0aa00000 00000000 00000000 00000000 00000000 00000000 00000000 00000000
0aa00000 00000000 00000000 00000000 00000000 00000000 00000000 00000000
0aa00000 00000000 00000000 00000000 00000000 00000000 00000000 00000000
0aa00000 00000000 00000000 00000000 00000000 00000000 00000000 00000000
0aa00000 00000000 00000000 00000000 00000000 00000000 00000000 00000000
0aa00000 00000000 00000000 00000000 00000000 00000000 00000000 00000000
0aa00000 00000000 00000000 00000000 00000000 00000000 00000000 00000000
0aa00000 00000000 00000000 00000000 00000000 00000000 00000000 00000000
0aa00000 00000000 00000000 00000000 00000000 00000000 00000000 00000000
0aa00000 00000000 00000000 00000000 00000000 00000000 00000000 00000000
0aa00000 00000000 00000000 00000000 00000000 00000000 00000000 00000000
0aa00000 00000000 00000000 00000000 00000000 00000000 00000000 00000000
0aa00000 00000000 00000000 00000000 00000000 00000000 00000000 00000000
0aa00000 00000000 00000000 00000000 00000000 00000000 00000000 00000000
0aa00000 00000000 00000000 00000000 00000000 00000000 00000000 00000000
0aa00000 00000000 00000000 00000000 00000000 00000000 00000000 00000000
0aa00000 00000000 00000000 00000000 00000000 00000000 00000000 00000000
0aa00000 00000000 00000000 00000000 00000000 00000000 00000000 00000000
0aa00000 00000000 00000000 00000000 00000000 00000000 00000000 00000000
0aa00000 00000000 00000000 00000000 00000000 00000000 00000000 00000000
0aa00000 00000000 00000000 00000000 00000000 00000000 00000000 00000000
0aa00000 00000000 00000000 00000000 00000000 00000000 00000000 00000000
0aa00000 00000000 00000000 00000000 00000000 00000000 00000000 00000000
0aa00000 00000000 00000000 00000000 00000000 00000000 00000000 00000000
0aa00000 00000000 00000000 00000000 00000000 00000000 00000000 00000000
0aa00000 00000000 00000000 00000000 00000000 00000000 00000000 00000000
0aa00000 00000000 00000000 00000000 00000000 00000000 00000000 00000000
0aa00000 00000000 00000000 00000000 00000000 00000000 00000000 00000000
0aa00000 00000000 00000000 00000000 00000000 00000000 00000000 00000000
0aa00000 00000000 00000000 00000000 00000000 00000000 00000000 00000000
0aa00000 00000000 00000000 00000000 00000000 00000000 00000000 00000000
0aa00000 00000000 00000000 00000000 00000000 00000000 00000000 00000000
0aa00000 00000000 00000000 00000000 00000000 00000000 00000000 00000000
0aa00000 00000000 00000000 00000000 00000000 00000000 00000000 00000000
0aa00000 00000000 00000000 00000000 00000000 00000000 00000000 00000000
0aa00000 00000000 00000000 00000000 00000000 00000000 00000000 00000000
0aa00000 00000000 00000000 00000000 00000000 00000000 00000000 00000000
0aa00000 00000000 00000000 00000000 00000000 00000000 00000000 00000000
0aa00000 00000000 00000000 00000000 00000000 00000000 00000000 00000000
0aa00000 00000000 00000000 00000000 00000000 00000000 00000000 00000000
0aa00000 00000000 00000000 00000000 00000000 00000000 00000000 00000000
0aa00000 00000000 00000000 00000000 00000000 00000000 00000000 00000000
0aa00000 00000000 00000000 00000000 00000000 00000000 00000000 00000000
0aa00000 00000000 00000000 00000000 00000000 00000000 00000000 00000000
0aa00000 00000000 00000000 00000000 00000000 00000000 00000000 00000000
0aa00000 00000000 00000000 00000000 00000000 00000000 00000000 00000000
0aa00000 00000000 00000000 00000000 00000000 00000000 00000000 00000000
0aa00000 00000000 00000000 00000000 00000000 00000000 00000000 00000000
0aa00000 00000000 00000000 00000000 00000000 00000000 00000000 00000000
0aa00000 00000000 00000000 00000000 00000000 00000000 00000000 00000000
0aa00000 00000000 00000000 00000000 00000000 00000000 00000000 00000000
0aa00000 00000000 00000000 00000000 00000000 00000000 00000000 00000000
0aa00000 00000000 00000000 00000000 00000000 00000000 00000000 00000000
0aa00000 00000000 00000000 00000000 00000000 00000000 00000000 00000000
0aa00000 00000000 00000000 00000000 00000000 00000000 00000000 00000000
0aa00000 00000000 00000000 00000000 00000000 00000000 00000000 00000000
0aa00000 00000000 00000000 00000000 00000000 00000000 00000000 00000000
0aa00000 00000000 00000000 00000000 00000000 00000000 00000000 00000000
0aa00000 00000000 00000000 00000000 00000000 00000000 00000000 00000000
0aa00000 00000000 00000000 00000000 00000000 00000000 00000000 00000000
0aa00000 00000000 00000000 00000000 00000000 00000000 00000000 00000000
0aa00000 00000000 00000000 00000000 00000000 00000000 00000000 00000000
0aa00000 00000000 00000000 00000000 00000000 00000000 00000000 00000000
0aa00000 00000000 00000000 00000000 00000000 00000000 00000000 00000000
0aa00000 00000000 00000000 00000000 00000000 00000000 00000000 00000000
0aa00000 00000000 00000000 00000000 00000000 00000000 00000000 00000000
0aa00000 00000000 00000000 00000000 00000000 00000000 00000000 00000000
0aa00000 00000000 00000000 00000000 00000000 00000000 00000000 00000000
0aa00000 00000000 00000000 00000000 00000000 00000000 00000000 00000000
0aa00000 00000000 00000000 00000000 00000000 00000000 00000000 00000000
0aa00000 00000000 00000000 00000000 00000000 00000000 00000000 00000000
0aa00000 00000000 00000000 00000000 00000000 00000000 00000000 00000000
0aa00000 00000000 00000000 00000000 00000000 00000000 00000000 00000000
0aa00000 00000000 00000000 00000000 00000000 00000000 00000000 00000000
0aa00000 00000000 00000000 00000000 00000000 00000000 00000000 00000000
0aa00000 00000000 00000000 00000000 00000000 00000000 00000000 00000000
0aa00000 00000000 00000000 00000000 00000000 00000000 00000000 00000000
0aa00000 00000000 00000000 00000000 00000000 00000000 00000000 00000000
0aa00000 00000000 00000000 00000000 00000000 00000000 00000000 00000000
0aa00000 00000000 00000000 00000000 00000000 00000000 00000000 00000000
0aa00000 00000000 00000000 00000000 00000000 00000000 00000000 00000000
0aa00000 00000000 00000000 00000000 00000000 00000000 00000000 00000000
0aa00000 00000000 00000000 00000000 00000000 00000000 00000000 00000000
0aa00000 00000000 00000000 00000000 00000000 00000000 00000000 00000000
0aa00000 00000000 00000000 00000000 00000000 00000000 00000000 00000000
0aa00000 00000000 00000000 00000000 00000000 00000000 00000000 00000000
0aa00000 00000000 00000000 00000000 00000000 00000000 00000000 00000000
0aa00000 00000000 00000000 00000000 00000000 00000000 00000000 00000000
0aa00000 00000000 00000000 00000000 00000000 00000000 00000000 00000000
0aa00000 00000000 00000000 00000000 00000000 00000000 00000000 00000000
0aa00000 00000000 00000000 00000000 00000000 00000000 00000000 00000000
0aa00000 00000000 00000000 00000000 00000000 00000000 00000000 00000000
0aa00000 00000000 00000000 00000000 00000000 00000000 00000000 00000000
0aa00000 00000000 00000000 00000000 00000000 00000000 00000000 00000000
0aa00000 00000000 00000000 00000000 00000000 00000000 00000000 00000000
0aa00000 00000000 00000000 00000000 00000000 00000000 00000000 00000000
0aa00000 00000000 00000000 00000000 00000000 00000000 00000000 00000000
0aa00000 00000000 00000000 00000000 00000000 00000000 00000000 00000000
0aa00000 00000000 00000000 00000000 00000000 00000000 00000000 00000000
0aa00000 00000000 00000000 00000000 00000000 00000000 00000000 00000000
0aa00000 00000000 00000000 00000000 00000000 00000000 00000000 00000000
0aa00000 00000000 00000000 00000000 00000000 00000000 00000000 00000000
0aa00000 00000000 00000000 00000000 00000000 00000000 00000000 00000000
0aa00000 00000000 00000000 00000000 00000000 00000000 00000000 00000000
0aa00000 00000000 00000000 00000000 00000000 00000000 00000000 00000000
0aa00000 00000000 00000000 00000000 00000000 00000000 00000000 00000000
0aa00000 00000000 00000000 00000000 00000000 00000000 00000000 00000000
0aa00000 00000000 00000000 00000000 00000000 00000000 00000000 00000000
0aa00000 00000000 00000000 00000000 00000000 00000000 00000000 00000000
0aa00000 00000000 00000000 00000000 00000000 00000000 00000000 00000000
0aa00000 00000000 00000000 00000000 00000000 00000000 00000000 00000000
0aa00000 00000000 00000000 00000000 00000000 00000000 00000000 00000000
0aa00000 00000000 00000000 00000000 00000000 00000000 00000000 00000000
0aa00000 00000000 00000000 00000000 00000000 00000000 00000000 00000000
0aa00000 00000000 00000000 00000000 00000000 00000000 00000000 00000000
0aa00000 00000000 00000000 00000000 00000000 00000000 00000000 00000000
0aa00000 00000000 00000000 00000000 00000000 00000000 00000000 00000000
0aa00000 00000000 00000000 00000000 00000000 00000000 00000000 00000000
0aa00000 00000000 00000000 00000000 00000000 00000000 00000000 00000000
0aa00000 00000000 00000000 00000000 00000000 00000000 00000000 00000000
0aa00000 00000000 00000000 00000000 00000000 00000000 00000000 00000000
0aa00000 00000000 00000000 00000000 00000000 00000000 00000000 00000000
0aa00000 00000000 00000000 00000000 00000000 00000000 00000000 00000000
0aa00000 00000000 00000000 00000000 00000000 00000000 00000000 00000000
0aa00000 00000000 00000000 00000000 00000000 00000000 00000000 00000000
0aa00000 00000000 00000000 00000000 00000000 00000000 00000000 00000000
0aa00000 00000000 00000000 00000000 00000000 00000000 00000000 00000000
0aa00000 00000000 00000000 00000000 00000000 00000000 00000000 00000000
0aa00000 00000000 00000000 00000000 00000000 00000000 00000000 00000000
0aa00000 00000000 00000000 00000000 00000000 00000000 00000000 00000000
0aa00000 00000000 00000000 00000000 00000000 00000000 00000000 00000000
0aa00000 00000000 00000000 00000000 00000000 00000000 00000000 00000000
0aa00000 00000000 00000000 00000000 00000000 00000000 00000000 00000000
0aa00000 00000000 00000000 00000000 00000000 00000000 00000000 00000000
0aa00000 00000000 00000000 00000000 00000000 00000000 00000000 00000000
0aa00000 00000000 00000000 00000000 00000000 00000000 00000000 00000000
0aa00000 00000000 00000000 00000000 00000000 00000000 00000000 00000000
0aa00000 00000000 00000000 00000000 00000000 00000000 00000000 00000000
0aa00000 00000000 00000000 00000000 00000000 00000000 00000000 00000000
0aa00000 00000000 00000000 00000000 00000000 00000000 00000000 00000000
0aa00000 00000000 00000000 00000000 00000000 00000000 00000000 00000000
0aa00000 00000000 00000000 00000000 00000000 00000000 00000000 00000000
0aa00000 00000000 00000000 00000000 00000000 00000000 00000000 00000000
0aa00000 00000000 00000000 00000000 00000000 00000000 00000000 00000000
0aa00000 00000000 00000000 00000000 00000000 00000000 00000000 00000000
0aa00000 00000000 00000000 00000000 00000000 00000000 00000000 00000000
0aa00000 00000000 00000000 00000000 00000000 00000000 00000000 00000000
0aa00000 00000000 00000000 00000000 00000000 00000000 00000000 00000000
0aa00000 00000000 00000000 00000000 00000000 00000000 00000000 00000000
0aa00000 00000000 00000000 00000000 00000000 00000000 00000000 00000000
0aa00000 00000000 00000000 00000000 00000000 00000000 00000000 00000000
0aa00000 00000000 00000000 00000000 00000000 00000000 00000000 00000000
0aa00000 00000000 00000000 00000000 00000000 00000000 00000000 00000000
0aa00000 00000000 00000000 00000000 00000000 00000000 00000000 00000000
0aa00000 00000000 00000000 00000000 00000000 00000000 00000000 00000000
0aa00000 00000000 00000000 00000000 00000000 00000000 00000000 00000000
0aa00000 00000000 00000000 00000000 00000000 00000000 00000000 00000000
0aa00000 00000000 00000000 00000000 00000000 00000000 00000000 00000000
0aa00000 00000000 00000000 00000000 00000000 00000000 00000000 00000000
0aa00000 00000000 00000000 00000000 00000000 00000000 00000000 00000000
0aa00000 00000000 00000000 00000000 00000000 00000000 00000000 00000000
0aa00000 00000000 00000000 00000000 00000000 00000000 00000000 00000000
0aa00000 00000000 00000000 00000000 00000000 00000000 00000000 00000000
0aa00000 00000000 00000000 00000000 00000000 00000000 00000000 00000000
0aa00000 00000000 00000000 00000000 00000000 00000000 00000000 00000000
0aa00000 00000000 00000000 00000000 00000000 00000000 00000000 00000000
0aa00000 00000000 00000000 00000000 00000000 00000000 00000000 00000000
0aa00000 00000000 00000000 00000000 00000000 00000000 00000000 00000000
0aa00000 00000000 00000000 00000000 00000000 00000000 00000000 00000000
0aa00000 00000000 00000000 00000000 00000000 00000000 00000000 00000000
0aa00000 00000000 00000000 00000000 00000000 00000000 00000000 00000000
0aa00000 00000000 00000000 00000000 00000000 00000000 00000000 00000000
0aa00000 00000000 00000000 00000000 00000000 00000000 00000000 00000000
0aa00000 00000000 00000000 00000000 00000000 00000000 00000000 00000000
0aa00000 00000000 00000000 00000000 00000000 00000000 00000000 00000000
0aa00000 00000000 00000000 00000000 00000000 00000000 00000000 00000000
0aa00000 00000000 00000000 00000000 00000000 00000000 00000000 00000000
0aa00000 00000000 00000000 00000000 00000000 00000000 00000000 00000000
0aa00000 00000000 00000000 00000000 00000000 00000000 00000000 00000000
0aa00000 00000000 00000000 00000000 00000000 00000000 00000000 00000000
0aa00000 00000000 00000000 00000000 00000000 00000000 00000000 00000000
0aa00000 00000000 00000000 00000000 00000000 00000000 00000000 00000000
0aa00000 00000000 00000000 00000000 00000000 00000000 00000000 00000000
